  3.8611996819306e+02  ms.10r1.b1         3  7.2334865232306e-05  6.8785932040206e+01  4.9997385625622e+02  1.2081129871874e+00  7.5240934051285e-01
  4.3894065759075e+02  ms.11r1.b1         3 -4.3820514205605e-05  5.1781930241652e+02  4.1842588079488e+01  1.2494047746671e+00  8.1724254124313e-01
  4.9239614168728e+02  ms.12r1.b1         3  1.8265500000000e-05  5.8978592819011e+01  6.3243800410229e+01  1.3013924578377e+00  1.0434042840642e+00
  5.4584762578381e+02  ms.13r1.b1         3 -1.1070000000000e-05  6.4549660705069e+01  6.5808437001243e+01  1.4559769404196e+00  1.2106566744220e+00
  5.9929910988034e+02  ms.14r1.b1         3  7.2334865232306e-05  4.9029234153522e+01  5.1026892766194e+02  1.6930564604252e+00  1.2554165235731e+00
  6.5275059397687e+02  ms.15r1.b1         3 -4.3820514205605e-05  5.0898111001841e+02  4.0805423834925e+01  1.7452215656102e+00  1.3189348927970e+00
  7.0620207807340e+02  ms.16r1.b1         3  1.8265500000000e-05  5.7388537895087e+01  6.4706810071115e+01  1.7984233332155e+00  1.5461745325801e+00
  7.5965356216993e+02  ms.17r1.b1         3 -1.1070000000000e-05  6.4601493352109e+01  6.5841102636416e+01  1.9557687132336e+00  1.7106673719235e+00
  8.1310504626646e+02  ms.18r1.b1         3  7.2334865232306e-05  4.8989476902876e+01  5.1042834273914e+02  2.1930215636903e+00  1.7554124841481e+00
  8.6655653036299e+02  ms.19r1.b1         3 -4.3820514205605e-05  5.0892203804105e+02  4.0789410368692e+01  2.2452146795801e+00  1.8189371547929e+00
  9.2000801445953e+02  ms.20r1.b1         3  1.8265500000000e-05  5.7369219299207e+01  6.4721907898111e+01  2.2984289290446e+00  2.0462642975716e+00
  9.7345949855606e+02  ms.21r1.b1         3 -1.1070000000000e-05  6.4597524878438e+01  6.5863536901599e+01  2.4558198251022e+00  2.2106776059405e+00
  1.0269109826526e+03  ms.22r1.b1         3  7.2334865232306e-05  4.8986855640667e+01  5.1040743055637e+02  2.6930206905503e+00  2.2554119830062e+00
  1.0803624667491e+03  ms.23r1.b1         3 -4.3820514205605e-05  5.0884869935445e+02  4.0779833222078e+01  2.7452162449095e+00  2.3189423004864e+00
  1.1338139508456e+03  ms.24r1.b1         3  1.8265500000000e-05  5.7415231106241e+01  6.4727753188559e+01  2.7984123503592e+00  2.5463504067568e+00
  1.1872654349422e+03  ms.25r1.b1         3 -1.1070000000000e-05  6.4649527595446e+01  6.5896269679436e+01  2.9556118087028e+00  2.7106883093397e+00
  1.2407169190387e+03  ms.26r1.b1         3  7.2334865232306e-05  4.8947129279539e+01  5.1056693028179e+02  3.1929857658700e+00  2.7554079438618e+00
  1.2941684031352e+03  ms.27r1.b1         3 -4.3820514205605e-05  5.0878960236488e+02  4.0763868845079e+01  3.2452093501200e+00  2.8189445261435e+00
  1.3476198872318e+03  ms.28r1.b1         3  1.8265500000000e-05  5.7395922114798e+01  6.4742894236671e+01  3.2984179303096e+00  3.0464399546275e+00
  1.4545228554248e+03  ms.30r1.b1         3  7.2334865232306e-05  4.8946131280402e+01  5.1056321075170e+02  3.6929849194702e+00  3.2554074377105e+00
  1.5079743395214e+03  ms.31r1.b1         3 -4.3820514205605e-05  5.0872302527705e+02  4.0759681701606e+01  3.7452093692657e+00  3.3189437079370e+00
  1.5614258236179e+03  ms.32r1.b1         3  1.8265500000000e-05  5.7445445017986e+01  6.4741872909174e+01  3.7983977626245e+00  3.5465061218607e+00
  1.6683287918110e+03  ms.34l2.b1         3  7.2334865232306e-05  4.8903600415911e+01  5.1076098942664e+02  4.1929560003276e+00  3.7554020249734e+00
  1.7752317600040e+03  ms.32l2.b1         3  1.8265500000000e-05  5.7429369559655e+01  6.4748598907259e+01  4.2984072626824e+00  4.0465755706418e+00
  1.8286832441005e+03  ms.31l2.b1         3 -1.1070000000000e-05  6.4694431910532e+01  6.5970928148188e+01  4.4554921362334e+00  4.2107185741669e+00
  1.8821347281971e+03  ms.30l2.b1         3  7.2334865232306e-05  4.8894804976529e+01  5.1067860166945e+02  4.6929531119316e+00  4.2554005674657e+00
  1.9890376963901e+03  ms.28l2.b1         3  1.8265500000000e-05  5.7445558781958e+01  6.4749005071076e+01  4.7983981046376e+00  4.5465271589905e+00
  2.0424891804867e+03  ms.27l2.b1         3 -1.1070000000000e-05  6.4700498599038e+01  6.5955925888179e+01  4.9554389424117e+00  4.7107008886055e+00
  2.0959406645832e+03  ms.26l2.b1         3  7.2334865232306e-05  4.8902050261384e+01  5.1072428019608e+02  5.1929470969069e+00  4.7553926733548e+00
  2.1493921486797e+03  ms.25l2.b1         3 -4.3820514205605e-05  5.0865917331175e+02  4.0737375508724e+01  5.2452025974159e+00  4.8189407357493e+00
  2.2028436327762e+03  ms.24l2.b1         3  1.8265500000000e-05  5.7426272110032e+01  6.4764191379997e+01  5.2984036524308e+00  5.0466164763482e+00
  2.2562951168728e+03  ms.23l2.b1         3 -1.1070000000000e-05  6.4696467502514e+01  6.5978294412142e+01  5.4554898067103e+00  5.2107110767141e+00
  2.3097466009693e+03  ms.22l2.b1         3  7.2334865232306e-05  4.8899406225646e+01  5.1070338233619e+02  5.6929462102940e+00  5.2553921716735e+00
  2.3631980850658e+03  ms.21l2.b1         3 -4.3820514205605e-05  5.0858579969984e+02  4.0727725135467e+01  5.7452041774457e+00  5.3189459592887e+00
  2.4166495691624e+03  ms.20l2.b1         3  1.8265500000000e-05  5.7472264720246e+01  6.4770289131033e+01  5.7983871264153e+00  5.5467029224004e+00
  2.4701010532589e+03  ms.19l2.b1         3 -1.1070000000000e-05  6.4748830774906e+01  6.6011166744903e+01  5.9552822604890e+00  5.7107217928411e+00
  2.5235525373554e+03  ms.18l2.b1         3  7.2334865232306e-05  4.8859742994160e+01  5.1086307500510e+02  6.1929112282162e+00  5.7553881339890e+00
  2.5770040214519e+03  ms.17l2.b1         3 -4.3820514205605e-05  5.0852672589035e+02  4.0711861805284e+01  6.2451972600872e+00  5.8189481084966e+00
  2.6304555055485e+03  ms.16l2.b1         3  1.8265500000000e-05  5.7452987665472e+01  6.4785517935849e+01  6.2983926583442e+00  6.0467920224694e+00
  2.6839069896450e+03  ms.15l2.b1         3 -1.1070000000000e-05  6.4744777031535e+01  6.6033508134332e+01  6.4553330217747e+00  6.2107319592342e+00
  2.7373584737415e+03  ms.14l2.b1         3  7.2334865232306e-05  4.8859069914023e+01  5.1086304930449e+02  6.6929103638503e+00  6.2553876270118e+00
  2.7908099578380e+03  ms.13l2.b1         3 -4.3820514205605e-05  5.0489432483379e+02  4.1051843773292e+01  6.7452011525119e+00  6.3188893402579e+00
  2.8442614419346e+03  ms.12l2.b1         3  1.8265500000000e-05  4.1482297639253e+01  6.5577610800742e+01  6.8083691118221e+00  6.5391969254097e+00
  2.8989839260311e+03  ms.11l2.b1         3 -1.1070000000000e-05  6.1494375770263e+01  7.1831122991297e+01  7.0379948297169e+00  6.7058700379580e+00
  3.7709383260311e+03  ms.11r2.b1         3  2.1902376184196e-05  3.6875069775162e+01  1.7369057754270e+02  9.4313660782998e+00  8.8017187060172e+00
  3.8243908419346e+03  ms.12r2.b1         3 -1.2427897957287e-05  1.7983661758307e+02  2.8742868298690e+01  9.5390199752903e+00  8.9471713025759e+00
  3.8778393578380e+03  ms.13r2.b1         3  2.1902376184196e-05  3.1478914103485e+01  1.7733576068754e+02  9.6732842331534e+00  9.0729321565341e+00
  3.9312878737415e+03  ms.14r2.b1         3 -1.2427897957287e-05  1.7581198241372e+02  3.2535202903323e+01  9.7929952178414e+00  9.2051817264530e+00
  3.9847363896450e+03  ms.15r2.b1         3  2.1902376184196e-05  3.2056818846583e+01  1.7583094869329e+02  9.9272355059049e+00  9.3225335903141e+00
  4.0381849055485e+03  ms.16r2.b1         3 -1.2427897957287e-05  1.7593365907952e+02  3.2345470718853e+01  1.0045552770678e+01  9.4560459762033e+00
  4.0916334214519e+03  ms.17r2.b1         3  2.1902376184196e-05  3.1480737952592e+01  1.7733779238629e+02  1.0181367973939e+01  9.5732040442163e+00
  4.1450819373554e+03  ms.18r2.b1         3 -1.2427897957287e-05  1.7597313105088e+02  3.2534695014684e+01  1.0301006462401e+01  9.7054539762607e+00
  4.1985304532589e+03  ms.19r2.b1         3  2.1902376184196e-05  3.2053538492673e+01  1.7582891876226e+02  1.0435174027247e+01  9.8228078027935e+00
  4.2519789691623e+03  ms.20r2.b1         3 -1.2427897957287e-05  1.7577261115240e+02  3.2345978519608e+01  1.0553565814852e+01  9.9563198206958e+00
  4.3054274850658e+03  ms.21r2.b1         3  2.1902376184196e-05  3.1485465610248e+01  1.7733982156634e+02  1.0689450876123e+01  1.0073475931880e+01
  4.3588760009693e+03  ms.22r2.b1         3 -1.2427897957287e-05  1.7613367538517e+02  3.2534183414115e+01  1.0809010397616e+01  1.0205726237269e+01
  4.4123245168727e+03  ms.23r2.b1         3  2.1902376184196e-05  3.2047369587636e+01  1.7582689651820e+02  1.0943113731169e+01  1.0323082031637e+01
  4.4657730327762e+03  ms.24r2.b1         3 -1.2427897957287e-05  1.7561298040768e+02  3.2346491481731e+01  1.1061586189061e+01  1.0456593663580e+01
  4.5192215486797e+03  ms.25r2.b1         3  2.1902376184196e-05  3.1493061329956e+01  1.7734183554033e+02  1.1197532191573e+01  1.0573747812691e+01
  4.5726700645831e+03  ms.26r2.b1         3 -1.2427897957287e-05  1.7629198307654e+02  3.2533673101810e+01  1.1317007068617e+01  1.0705998495482e+01
  4.6261185804866e+03  ms.27r2.b1         3  2.1902376184196e-05  3.2038372149866e+01  1.7582488469849e+02  1.1451055304518e+01  1.0823356250613e+01
  4.6795670963901e+03  ms.28r2.b1         3 -1.2427897957287e-05  1.7545639360560e+02  3.2347001376768e+01  1.1569613783310e+01  1.0956867499781e+01
  4.7330156122936e+03  ms.29r2.b1         3  2.1902376184196e-05  3.1503436208611e+01  1.7734384682964e+02  1.1705611204138e+01  1.1074019694819e+01
  4.8399126441005e+03  ms.31r2.b1         3  2.1902376184196e-05  3.2026641317956e+01  1.7582287898736e+02  1.1958999457866e+01  1.1323630485925e+01
  4.8933611600040e+03  ms.32r2.b1         3 -1.2427897957287e-05  1.7530442522100e+02  3.2347516649575e+01  1.2077648449577e+01  1.1457141334548e+01
  4.9468096759074e+03  ms.33r2.b1         3  2.1902376184196e-05  3.1516496077704e+01  1.7734584403191e+02  1.2213687202811e+01  1.1574291569333e+01
  5.0537067077144e+03  ms.33l3.b1         3  2.1902376184196e-05  3.2012289329739e+01  1.7582088627295e+02  1.2466946843908e+01  1.1823904711035e+01
  5.1606037395213e+03  ms.31l3.b1         3  2.1902376184196e-05  3.1532101832288e+01  1.7734783433938e+02  1.2721759530739e+01  1.2074563446340e+01
  5.2140522554248e+03  ms.30l3.b1         3 -1.2427897957287e-05  1.7673769363519e+02  3.2532131220583e+01  1.2840955479328e+01  1.2206815312074e+01
  5.2675007713283e+03  ms.29l3.b1         3  2.1902376184196e-05  3.1995466550429e+01  1.7581890124422e+02  1.2974898107704e+01  1.2324178952886e+01
  5.3743978031352e+03  ms.27l3.b1         3  2.1902376184196e-05  3.1550098236846e+01  1.7734981475942e+02  1.3229827558188e+01  1.2574835312796e+01
  5.4278463190387e+03  ms.26l3.b1         3 -1.2427897957287e-05  1.7687150671002e+02  3.2531616105262e+01  1.3348925371885e+01  1.2707087585437e+01
  5.4812948349421e+03  ms.25l3.b1         3  2.1902376184196e-05  3.1976343590534e+01  1.7581692383639e+02  1.3482853841768e+01  1.2824453183839e+01
  5.5347433508456e+03  ms.24l3.b1         3 -1.2427897957287e-05  1.7489133591949e+02  3.2349060243600e+01  1.3601792153727e+01  1.2957962805912e+01
  5.5881918667491e+03  ms.23l3.b1         3  2.1902376184196e-05  3.1570298750888e+01  1.7735178988805e+02  1.3737890700179e+01  1.3075107183940e+01
  5.6416403826526e+03  ms.22l3.b1         3 -1.2427897957287e-05  1.7699561834822e+02  3.2531098617915e+01  1.3856889458951e+01  1.3207359872481e+01
  5.6950888985560e+03  ms.21l3.b1         3  2.1902376184196e-05  3.1955113386113e+01  1.7581495452900e+02  1.3990814607109e+01  1.3324727430491e+01
  5.7485374144595e+03  ms.20l3.b1         3 -1.2427897957287e-05  1.7477255204488e+02  3.2349579993063e+01  1.4109852049916e+01  1.3458236621565e+01
  5.8019859303630e+03  ms.19l3.b1         3  2.1902376184196e-05  3.1592507771724e+01  1.7735375030598e+02  1.4245948416776e+01  1.3575379044618e+01
  5.8554344462664e+03  ms.18l3.b1         3 -1.2427897957287e-05  1.7710876799137e+02  3.2530581119408e+01  1.4364848186334e+01  1.3707632156354e+01
  5.9088829621699e+03  ms.17l3.b1         3  2.1902376184196e-05  3.1931986998237e+01  1.7581299754858e+02  1.4498780894786e+01  1.3825001669002e+01
  5.9623314780734e+03  ms.16l3.b1         3 -1.2427897957287e-05  1.7466532176904e+02  3.2350096157982e+01  1.4617917158837e+01  1.3958510432720e+01
  6.0157799939768e+03  ms.15l3.b1         3  2.1902376184196e-05  3.1616489791216e+01  1.7735570717147e+02  1.4754000247585e+01  1.4075650910302e+01
  6.0692285098803e+03  ms.14l3.b1         3 -1.2427897957287e-05  1.7720981294763e+02  3.2530061733488e+01  1.4872802117547e+01  1.4207904452075e+01
  6.1226770257838e+03  ms.13l3.b1         3  2.1902376184196e-05  3.1937572747800e+01  1.7564948385169e+02  1.5006743684922e+01  1.4325277519130e+01
  6.1761255416873e+03  ms.12l3.b1         3 -1.2427897957287e-05  1.7380282479534e+02  3.1953634260548e+01  1.5125641063604e+01  1.4460648233989e+01
  6.2308450575907e+03  ms.11l3.b1         3  2.1902376184196e-05  2.7905637872909e+01  1.7600103999467e+02  1.5287955898972e+01  1.4577309778670e+01
  7.1036535424092e+03  ms.11r3.b1         3 -1.2427897957287e-05  1.7445693723671e+02  4.2208139595840e+01  1.7013005339432e+01  1.6030458866895e+01
  7.1571060583127e+03  ms.12r3.b1         3  2.1902376184196e-05  3.9460267468482e+01  1.7016952005664e+02  1.7130289094343e+01  1.6133618980640e+01
  7.2105545742162e+03  ms.13r3.b1         3 -1.2427897957287e-05  1.7478623523974e+02  3.2399398479914e+01  1.7235714041646e+01  1.6269087836304e+01
  7.2640030901197e+03  ms.14r3.b1         3  2.1902376184196e-05  3.1997593279939e+01  1.7563436963936e+02  1.7370645777340e+01  1.6386823789300e+01
  7.3174516060231e+03  ms.15r3.b1         3 -1.2427897957287e-05  1.7698126355247e+02  3.2481314467245e+01  1.7488664550005e+01  1.6520064492964e+01
  7.3709001219266e+03  ms.16r3.b1         3  2.1902376184196e-05  3.1530115079744e+01  1.7753313275833e+02  1.7623798324590e+01  1.6636841942392e+01
  7.4243486378301e+03  ms.17r3.b1         3 -1.2427897957287e-05  1.7490632677720e+02  3.2398809076360e+01  1.7743773279138e+01  1.6769361233755e+01
  7.4777971537335e+03  ms.18r3.b1         3  2.1902376184196e-05  3.2014128929150e+01  1.7563482376589e+02  1.7878596553154e+01  1.6887098320184e+01
  7.5312456696370e+03  ms.19r3.b1         3 -1.2427897957287e-05  1.7685591719787e+02  3.2481903105961e+01  1.7996629310350e+01  1.7020337195856e+01
  7.5846941855405e+03  ms.20r3.b1         3  2.1902376184196e-05  3.1514807734062e+01  1.7753267055951e+02  1.8131871124481e+01  1.7137113531785e+01
  7.6381427014439e+03  ms.21r3.b1         3 -1.2427897957287e-05  1.7503660680297e+02  3.2398223984200e+01  1.8251826734561e+01  1.7269634630654e+01
  7.6915912173474e+03  ms.22r3.b1         3  2.1902376184196e-05  3.2028175111543e+01  1.7563528788203e+02  1.8386543517197e+01  1.7387372836759e+01
  7.7450397332509e+03  ms.23r3.b1         3 -1.2427897957287e-05  1.7672102877823e+02  3.2482488308600e+01  1.8504599921777e+01  1.7520609888827e+01
  7.7984882491544e+03  ms.24r3.b1         3  2.1902376184196e-05  3.1502059252274e+01  1.7753220352539e+02  1.8639947521009e+01  1.7637385120843e+01
  7.8519367650578e+03  ms.25r3.b1         3 -1.2427897957287e-05  1.7517576587280e+02  3.2397635709418e+01  1.8759874000710e+01  1.7769908038263e+01
  7.9053852809613e+03  ms.26r3.b1         3  2.1902376184196e-05  3.2039587645129e+01  1.7563576403574e+02  1.8894487332510e+01  1.7887647366243e+01
  7.9588337968648e+03  ms.27r3.b1         3 -1.2427897957287e-05  1.7657795607188e+02  3.2483076142824e+01  1.9012576824912e+01  1.8020882581578e+01
  8.0122823127682e+03  ms.28r3.b1         3  2.1902376184196e-05  3.1492010912415e+01  1.7753171894843e+02  1.9148026842614e+01  1.8137656710996e+01
  8.1191793445752e+03  ms.30r3.b1         3  2.1902376184196e-05  3.2048250728184e+01  1.7563625242720e+02  1.9402428649727e+01  1.8387921880639e+01
  8.1726278604786e+03  ms.31r3.b1         3 -1.2427897957287e-05  1.7642815636404e+02  3.2483660162705e+01  1.9520560344934e+01  1.8521155263528e+01
  8.2260763763821e+03  ms.32r3.b1         3  2.1902376184196e-05  3.1484753748907e+01  1.7753122796851e+02  1.9656108390492e+01  1.8637928301399e+01
  8.3329734081891e+03  ms.34l4.b1         3  2.1902376184196e-05  3.2054080661036e+01  1.7563674903266e+02  1.9910368173386e+01  1.8888196409224e+01
  8.4398704399960e+03  ms.32l4.b1         3  2.1902376184196e-05  3.1480367347027e+01  1.7753072425849e+02  2.0164191430104e+01  1.9138199892496e+01
  8.4933189558995e+03  ms.31l4.b1         3 -1.2427897957287e-05  1.7563202708136e+02  3.2395880957063e+01  2.0283975261426e+01  1.9270728277318e+01
  8.5467674718029e+03  ms.30l4.b1         3  2.1902376184196e-05  3.2057015418166e+01  1.7563725681696e+02  2.0418306606475e+01  1.9388470921981e+01
  8.6536645036099e+03  ms.28l4.b1         3  2.1902376184196e-05  3.1478893149014e+01  1.7753021091673e+02  2.0672275219281e+01  1.9638471486609e+01
  8.7071130195133e+03  ms.27l4.b1         3 -1.2427897957287e-05  1.7579191370382e+02  3.2395295071482e+01  2.0791994753618e+01  1.9771001706636e+01
  8.7605615354168e+03  ms.26l4.b1         3  2.1902376184196e-05  3.2057022527434e+01  1.7563777862991e+02  2.0926244679618e+01  1.9888745449095e+01
  8.8140100513203e+03  ms.25l4.b1         3 -1.2427897957287e-05  1.7595377276792e+02  3.2485416079051e+01  2.1044553116425e+01  2.0021973293928e+01
  8.8674585672238e+03  ms.24l4.b1         3  2.1902376184196e-05  3.1480352012899e+01  1.7752968175004e+02  2.1180359012391e+01  2.0138743078492e+01
  8.9209070831272e+03  ms.23l4.b1         3 -1.2427897957287e-05  1.7595302317456e+02  3.2394712529897e+01  2.1300006914040e+01  2.0271275132563e+01
  8.9743555990307e+03  ms.22l4.b1         3  2.1902376184196e-05  3.2054105686868e+01  1.7563831062191e+02  2.1434183105415e+01  2.0389019961150e+01
  9.0278041149342e+03  ms.21l4.b1         3 -1.2427897957287e-05  1.7579266211061e+02  3.2485997715271e+01  2.1552565244794e+01  2.0522245958390e+01
  9.0812526308376e+03  ms.20l4.b1         3  2.1902376184196e-05  3.1484718587413e+01  1.7752914779014e+02  2.1688442060100e+01  2.0639014674197e+01
  9.1347011467411e+03  ms.19l4.b1         3 -1.2427897957287e-05  1.7611373195856e+02  3.2394127909056e+01  2.1808011760523e+01  2.0771548570362e+01
  9.1881496626446e+03  ms.18l4.b1         3  2.1902376184196e-05  3.2048294513851e+01  1.7563885270990e+02  2.1942122624378e+01  2.0889294485604e+01
  9.2415981785480e+03  ms.17l4.b1         3 -1.2427897957287e-05  1.7563276564141e+02  3.2486582866654e+01  2.2060584709130e+01  2.1022518620701e+01
  9.2950466944515e+03  ms.16l4.b1         3  2.1902376184196e-05  3.1491960795012e+01  1.7752859641296e+02  2.2196523612867e+01  2.1139286267064e+01
  9.3484952103550e+03  ms.15l4.b1         3 -1.2427897957287e-05  1.7627240599244e+02  3.2393546242922e+01  2.2316009329151e+01  2.1271822005999e+01
  9.4019437262585e+03  ms.14l4.b1         3  2.1902376184196e-05  3.2039645481121e+01  1.7563940727480e+02  2.2450063925080e+01  2.1389568996149e+01
  9.4553922421619e+03  ms.13l4.b1         3 -1.2427897957287e-05  1.7534140246369e+02  3.2512885976177e+01  2.2568612741343e+01  2.1522783509297e+01
  9.5088407580654e+03  ms.12l4.b1         3  2.1902376184196e-05  3.0832171983020e+01  1.7884171121489e+02  2.2706308177440e+01  2.1639255124096e+01
  9.5635602739689e+03  ms.11l4.b1         3 -1.2427897957287e-05  1.6597175093116e+02  3.7487601235387e+01  2.2829616892786e+01  2.1768683156682e+01
  1.0435506758787e+04  ms.11r4.b1         3  1.8265500000000e-05  6.0616590923418e+01  1.1548921790386e+02  2.4395447777162e+01  2.3074096745157e+01
  1.0488959274691e+04  ms.12r4.b1         3 -1.1070000000000e-05  6.2349276241808e+01  9.2170451393082e+01  2.4550610310113e+01  2.3165506971202e+01
  1.0542407790594e+04  ms.13r4.b1         3  7.3824602655078e-05  5.0053028577950e+01  5.1120489739664e+02  2.4794030444972e+01  2.3203329840636e+01
  1.0595856306498e+04  ms.14r4.b1         3 -4.6694684381328e-05  5.1473637740136e+02  3.9744312549798e+01  2.4845339671752e+01  2.3267676837641e+01
  1.0649304822401e+04  ms.15r4.b1         3  1.8265500000000e-05  5.7179108494410e+01  6.5906880510321e+01  2.4898329071440e+01  2.3499787177348e+01
  1.0702753338305e+04  ms.16r4.b1         3 -1.1070000000000e-05  6.3358316057523e+01  6.7282737247759e+01  2.5058503782943e+01  2.3659107764353e+01
  1.0756201854208e+04  ms.17r4.b1         3  7.3824602655078e-05  5.0033166124909e+01  5.1122963912143e+02  2.5294006152719e+01  2.3703317016540e+01
  1.0809650370112e+04  ms.18r4.b1         3 -4.6694684381328e-05  5.1712395108497e+02  3.7519158821344e+01  2.5345203048393e+01  2.3769657995365e+01
  1.0863098886015e+04  ms.19r4.b1         3  1.8265500000000e-05  5.2123190751348e+01  6.9237320113607e+01  2.5400673575385e+01  2.4009172646077e+01
  1.0916547401919e+04  ms.20r4.b1         3 -1.1070000000000e-05  6.0247422432623e+01  6.9162949683684e+01  2.5581681435927e+01  2.4159517289782e+01
  1.0969995917822e+04  ms.21r4.b1         3  7.3824602655078e-05  5.4848820624002e+01  5.0607530776364e+02  2.5796291585375e+01  2.4203332930197e+01
  1.1023444433726e+04  ms.22r4.b1         3 -4.6694684381328e-05  5.1392648541694e+02  3.9831045311202e+01  2.5845269043804e+01  2.4267949721007e+01
  1.1076892949629e+04  ms.23r4.b1         3  1.8265500000000e-05  5.7154585606207e+01  6.5822434466942e+01  2.5898313612329e+01  2.4499438059095e+01
  1.1130341465532e+04  ms.24r4.b1         3 -1.1070000000000e-05  6.3369713671244e+01  6.7209338426041e+01  2.6058519641633e+01  2.4659054096401e+01
  1.1183789981436e+04  ms.25r4.b1         3  7.3824602655078e-05  5.0028010786166e+01  5.1126775779055e+02  2.6293955231764e+01  2.4703286430511e+01
  1.1237238497339e+04  ms.26r4.b1         3 -4.6694684381328e-05  5.1694640114177e+02  3.7582574712754e+01  2.6345163968394e+01  2.4769565309694e+01
  1.1290687013243e+04  ms.27r4.b1         3  1.8265500000000e-05  5.2100106424771e+01  6.9134693856105e+01  2.6400657239124e+01  2.5008835014321e+01
  1.1344135529146e+04  ms.28r4.b1         3 -1.1070000000000e-05  6.0264995303375e+01  6.9087261477637e+01  2.6581691125300e+01  2.5159463878688e+01
  1.1397584045050e+04  ms.29r4.b1         3  7.3824602655078e-05  5.4842227612688e+01  5.0611361181047e+02  2.6796240993437e+01  2.5203302436944e+01
  1.1504481076857e+04  ms.31r4.b1         3  1.8265500000000e-05  5.1678457082433e+01  6.5938682899972e+01  2.6901139569700e+01  2.5497159959108e+01
  1.1557929592760e+04  ms.32r4.b1         3 -1.1070000000000e-05  6.0421727784144e+01  6.6325869563825e+01  2.7083131954211e+01  2.5658220739467e+01
  1.1611378108664e+04  ms.33r4.b1         3  7.3824602655078e-05  5.4913507804536e+01  5.0676498412312e+02  2.7296339242967e+01  2.5702957338812e+01
  1.1718275140471e+04  ms.33l5.b1         3  1.8265500000000e-05  5.2140639438065e+01  6.9098842405234e+01  2.7400611432978e+01  2.6008646304701e+01
  1.1825172172278e+04  ms.31l5.b1         3  7.3824602655078e-05  5.4799177068513e+01  5.0602666982291e+02  2.7796211698063e+01  2.6203276269719e+01
  1.1878620688181e+04  ms.30l5.b1         3 -4.6694684381328e-05  5.1374511561290e+02  3.9924797648454e+01  2.7845220997264e+01  2.6267815975109e+01
  1.1932069204085e+04  ms.29l5.b1         3  1.8265500000000e-05  5.7176331848428e+01  6.5708316634324e+01  2.7898264809919e+01  2.6498889619129e+01
  1.2038966235891e+04  ms.27l5.b1         3  7.3824602655078e-05  4.9981844269118e+01  5.1122291776147e+02  2.8293876099317e+01  2.6703229260748e+01
  1.2092414751795e+04  ms.26l5.b1         3 -4.6694684381328e-05  5.1676595932555e+02  3.7675105908236e+01  2.8345118598494e+01  2.6769424732275e+01
  1.2145863267698e+04  ms.25l5.b1         3  1.8265500000000e-05  5.2122246550731e+01  6.8988750499490e+01  2.8400609677957e+01  2.7008294360741e+01
  1.2199311783602e+04  ms.24l5.b1         3 -1.1070000000000e-05  6.0296823858429e+01  6.8958962551098e+01  2.8581479889804e+01  2.7159363191002e+01
  1.2252760299505e+04  ms.23l5.b1         3  7.3824602655078e-05  5.4792332877748e+01  5.0607011393755e+02  2.8796164302443e+01  2.7203245511136e+01
  1.2306208815409e+04  ms.22l5.b1         3 -4.6694684381328e-05  5.1357345982497e+02  3.9991141354237e+01  2.8845185222456e+01  2.7267725591757e+01
  1.2359657331312e+04  ms.21l5.b1         3  1.8265500000000e-05  5.7152051402827e+01  6.5625147716443e+01  2.8898249947809e+01  2.7498538760838e+01
  1.2413105847216e+04  ms.20l5.b1         3 -1.1070000000000e-05  6.3431246641730e+01  6.7012281245633e+01  2.9058339597870e+01  2.7658899271713e+01
  1.2466554363119e+04  ms.19l5.b1         3  7.3824602655078e-05  4.9976610870093e+01  5.1125980890768e+02  2.9293825054959e+01  2.7703198677270e+01
  1.2520002879023e+04  ms.18l5.b1         3 -4.6694684381328e-05  5.1658778944664e+02  3.7738629782805e+01  2.9345079488868e+01  2.7769332431463e+01
  1.2573451394926e+04  ms.17l5.b1         3  1.8265500000000e-05  5.2099152013124e+01  6.8887744957676e+01  2.9400593368740e+01  2.8007955422696e+01
  1.2626899910830e+04  ms.16l5.b1         3 -1.1070000000000e-05  6.0314481259587e+01  6.8883241564740e+01  2.9581489382768e+01  2.8159309608537e+01
  1.2680348426733e+04  ms.15l5.b1         3  7.3824602655078e-05  5.4785650843935e+01  5.0610721506613e+02  2.9796113589706e+01  2.8203215020472e+01
  1.2733796942637e+04  ms.14l5.b1         3 -4.6694684381328e-05  5.1339701098398e+02  4.0056667887607e+01  2.9845146298153e+01  2.8267636754795e+01
  1.2787245458540e+04  ms.13l5.b1         3  1.8265500000000e-05  5.6431351978689e+01  6.6243017406228e+01  2.9898295522214e+01  2.8498139780278e+01
  1.2840693974444e+04  ms.12l5.b1         3 -1.1070000000000e-05  5.8943359753944e+01  7.2233034625222e+01  3.0070508736690e+01  2.8648299890485e+01
  1.2895413490347e+04  ms.11l5.b1         3  7.3824602655078e-05  6.0920877573203e+01  5.0448636157899e+02  3.0298409947902e+01  2.8690625581846e+01
  1.2948156200949e+04  ms.10l5.b1         3 -4.6694684381328e-05  4.8068269903443e+02  6.0471425528582e+01  3.0343870656805e+01  2.8743916554748e+01
  1.3715409200949e+04  ms.10r5.b1         3  7.2381237563781e-05  6.9363517868917e+01  5.0206814038712e+02  3.2308023861399e+01  3.0699561037833e+01
  1.3768229890347e+04  ms.11r5.b1         3 -4.2960506063891e-05  5.2229846222424e+02  4.1964569766847e+01  3.2348958734357e+01  3.0764151262317e+01
  1.3821685374444e+04  ms.12r5.b1         3  1.8265500000000e-05  5.9320598190514e+01  6.3012641675707e+01  3.2400559888760e+01  3.0990712268796e+01
  1.3875136858540e+04  ms.13r5.b1         3 -1.1070000000000e-05  6.4017610909896e+01  6.6045347389283e+01  3.2555435413187e+01  3.1157974143281e+01
  1.3928588342637e+04  ms.14r5.b1         3  7.2381237563781e-05  4.9410401154562e+01  5.1242679200179e+02  3.2793088170398e+01  3.1202555675017e+01
  1.3982039826733e+04  ms.15r5.b1         3 -4.2960506063891e-05  5.1145260757898e+02  4.2958328621385e+01  3.2844916760993e+01  3.1264240586590e+01
  1.4035491310830e+04  ms.16r5.b1         3  1.8265500000000e-05  6.1934834505698e+01  6.2337770011917e+01  3.2895927527816e+01  3.1484704794468e+01
  1.4088942794926e+04  ms.17r5.b1         3 -1.1070000000000e-05  6.8720061230544e+01  6.4439183433936e+01  3.3038205743908e+01  3.1657539714718e+01
  1.4142394279023e+04  ms.18r5.b1         3  7.2381237563781e-05  4.5767238393960e+01  5.1663619618266e+02  3.3291031389268e+01  3.1702499250500e+01
  1.4195845763119e+04  ms.19r5.b1         3 -4.2960506063891e-05  5.1393371049128e+02  4.0929023698277e+01  3.3344827211478e+01  3.1765505884021e+01
  1.4249297247216e+04  ms.20r5.b1         3  1.8265500000000e-05  5.7643670719829e+01  6.4448670292462e+01  3.3397640256556e+01  3.1993289142028e+01
  1.4302748731312e+04  ms.21r5.b1         3 -1.1070000000000e-05  6.4002395272159e+01  6.6016056487088e+01  3.3555575469106e+01  3.2157958800314e+01
  1.4356200215409e+04  ms.22r5.b1         3  7.2381237563781e-05  4.9429275421949e+01  5.1240250241998e+02  3.3793081476242e+01  3.2202551573786e+01
  1.4409651699505e+04  ms.23r5.b1         3 -4.2960506063891e-05  5.1133017944299e+02  4.2979123962666e+01  3.3844906237483e+01  3.2264222305171e+01
  1.4463103183602e+04  ms.24r5.b1         3  1.8265500000000e-05  6.1887828359761e+01  6.2322395234400e+01  3.3895943392187e+01  3.2484586103743e+01
  1.4516554667698e+04  ms.25r5.b1         3 -1.1070000000000e-05  6.8689966436280e+01  6.4411010980065e+01  3.4038340284219e+01  3.2657524426423e+01
  1.4570006151795e+04  ms.26r5.b1         3  7.2381237563781e-05  4.5785892478962e+01  5.1661135688901e+02  3.4291025635699e+01  3.2702495174494e+01
  1.4623457635891e+04  ms.27r5.b1         3 -4.2960506063891e-05  5.1381140747730e+02  4.0949109626956e+01  3.4344816716982e+01  3.2765487091055e+01
  1.4676909119988e+04  ms.28r5.b1         3  1.8265500000000e-05  5.7599364123986e+01  6.4428102560078e+01  3.4397657380229e+01  3.2993173462488e+01
  1.4783812088181e+04  ms.30r5.b1         3  7.2381237563781e-05  4.9448283847327e+01  5.1237407595336e+02  3.4793072471226e+01  3.3202547656439e+01
  1.4837263572278e+04  ms.31r5.b1         3 -4.2960506063891e-05  5.1120434201846e+02  4.2999288509333e+01  3.4844893515159e+01  3.3264204957391e+01
  1.4890715056374e+04  ms.32r5.b1         3  1.8265500000000e-05  6.1840031571354e+01  6.2307864139020e+01  3.4895957603634e+01  3.3484469293126e+01
  1.4997618024567e+04  ms.34l6.b1         3  7.2381237563781e-05  4.5804839172242e+01  5.1660977859053e+02  3.5291034389983e+01  3.3702490055519e+01
  1.5104520992760e+04  ms.32l6.b1         3  1.8265500000000e-05  6.2200244231509e+01  6.4226770610020e+01  3.5395600281833e+01  3.3994642033828e+01
  1.5157972476857e+04  ms.31l6.b1         3 -1.1070000000000e-05  6.8808095566739e+01  6.6615887290371e+01  3.5537330099950e+01  3.4158566226280e+01
  1.5211423960953e+04  ms.30l6.b1         3  7.2381237563781e-05  4.5717727148572e+01  5.1611423903346e+02  3.5790934970123e+01  3.4202788236083e+01
  1.5318326929146e+04  ms.28l6.b1         3  1.8265500000000e-05  6.1848850746807e+01  6.2318093280385e+01  3.5895966853688e+01  3.4484455099147e+01
  1.5371778413243e+04  ms.27l6.b1         3 -1.1070000000000e-05  6.8662611715849e+01  6.4370678016863e+01  3.6038465819470e+01  3.4657498722742e+01
  1.5425229897339e+04  ms.26l6.b1         3  7.2381237563781e-05  4.5803014117897e+01  5.1648075819133e+02  3.6291033358176e+01  3.4702489788465e+01
  1.5478681381436e+04  ms.25l6.b1         3 -4.2960506063891e-05  5.1372136584013e+02  4.0964208778923e+01  3.6344818884562e+01  3.4765477853708e+01
  1.5532132865532e+04  ms.24l6.b1         3  1.8265500000000e-05  5.7562590298737e+01  6.4418140907740e+01  3.6397681883061e+01  3.4993043866509e+01
  1.5585584349629e+04  ms.23l6.b1         3 -1.1070000000000e-05  6.3972654425216e+01  6.5946570385048e+01  3.6555845638626e+01  3.5157918315790e+01
  1.5639035833726e+04  ms.22l6.b1         3  7.2381237563781e-05  4.9465597879062e+01  5.1224901051727e+02  3.6793081665605e+01  3.5202542076128e+01
  1.5692487317822e+04  ms.21l6.b1         3 -4.2960506063891e-05  5.1111779446489e+02  4.3015343839389e+01  3.6844897853154e+01  3.5264195182297e+01
  1.5745938801919e+04  ms.20l6.b1         3  1.8265500000000e-05  6.1801903121808e+01  6.2302865852413e+01  3.6895982734450e+01  3.5484336399081e+01
  1.5799390286015e+04  ms.19l6.b1         3 -1.1070000000000e-05  6.8632720546259e+01  6.4342529603276e+01  3.7038600466362e+01  3.5657483421950e+01
  1.5852841770112e+04  ms.18l6.b1         3  7.2381237563781e-05  4.5821693863890e+01  5.1645590379000e+02  3.7291027618704e+01  3.5702485711395e+01
  1.5906293254208e+04  ms.17l6.b1         3 -4.2960506063891e-05  5.1359931307263e+02  4.0984295452454e+01  3.7344808387508e+01  3.5765459079359e+01
  1.5959744738305e+04  ms.16l6.b1         3  1.8265500000000e-05  5.7518338816905e+01  6.4397723277689e+01  3.7397699025087e+01  3.5992928160211e+01
  1.6013196222401e+04  ms.15l6.b1         3 -1.1070000000000e-05  6.3957710577464e+01  6.5918113335554e+01  3.7555985464197e+01  3.6157903233115e+01
  1.6066647706498e+04  ms.14l6.b1         3  7.2381237563781e-05  4.9484518764597e+01  5.1222469106168e+02  3.7793074996272e+01  3.6202537973408e+01
  1.6120099190594e+04  ms.13l6.b1         3 -4.2960506063891e-05  5.1913177241670e+02  4.0446344252938e+01  3.7844773069120e+01  3.6265861811509e+01
  1.6173550674691e+04  ms.12l6.b1         3  1.8265500000000e-05  9.1157521287367e+01  6.3538231725632e+01  3.7886478170462e+01  3.6505637065190e+01
  1.6228273158787e+04  ms.11l6.b1         3 -1.1070000000000e-05  1.3139091698490e+02  7.2695218852364e+01  3.7962052824932e+01  3.6675378269682e+01
  1.7100235473969e+04  ms.11r6.b1         3  2.1902376184196e-05  3.2481427089464e+01  1.8720260466117e+02  3.9578425299612e+01  3.8055937937824e+01
  1.7153690958065e+04  ms.12r6.b1         3 -1.2427897957287e-05  1.8501112652763e+02  2.4694251596948e+01  3.9692287495338e+01  3.8210350606295e+01
  1.7207142442162e+04  ms.13r6.b1         3  2.1902376184196e-05  3.1882823524815e+01  1.7684148759083e+02  3.9823506178508e+01  3.8348992753988e+01
  1.7260593926258e+04  ms.14r6.b1         3 -1.2427897957287e-05  1.7575572614204e+02  3.2341730321311e+01  3.9942305213249e+01  3.8482019108874e+01
  1.7314045410355e+04  ms.15r6.b1         3  2.1902376184196e-05  3.1648168752543e+01  1.7635173139646e+02  4.0077740005041e+01  3.8599596620414e+01
  1.7367496894451e+04  ms.16r6.b1         3 -1.2427897957287e-05  1.7612106081258e+02  3.2532829743638e+01  4.0196930901303e+01  3.8732348943134e+01
  1.7420948378548e+04  ms.17r6.b1         3  2.1902376184196e-05  3.1878285451992e+01  1.7683954853438e+02  4.0331524181330e+01  3.8849301697093e+01
  1.7474399862645e+04  ms.18r6.b1         3 -1.2427897957287e-05  1.7568892791338e+02  3.2341592656659e+01  4.0450361683225e+01  3.8982329392058e+01
  1.7527851346741e+04  ms.19r6.b1         3  2.1902376184196e-05  3.1653296379940e+01  1.7635367088256e+02  4.0585816275188e+01  3.9099906414992e+01
  1.7581302830838e+04  ms.20r6.b1         3 -1.2427897957287e-05  1.7618675330677e+02  3.2532967588261e+01  4.0704967612011e+01  3.9232657401117e+01
  1.7634754314934e+04  ms.21r6.b1         3  2.1902376184196e-05  3.1872583075060e+01  1.7683760686299e+02  4.0839543470116e+01  3.9349610639963e+01
  1.7688205799031e+04  ms.22r6.b1         3 -1.2427897957287e-05  1.7562450863218e+02  3.2341454929197e+01  4.0958421163354e+01  3.9482639676520e+01
  1.7741657283127e+04  ms.23r6.b1         3  2.1902376184196e-05  3.1659557906061e+01  1.7635561581257e+02  4.1093891093697e+01  3.9600216208764e+01
  1.7795108767224e+04  ms.24r6.b1         3 -1.2427897957287e-05  1.7624973654880e+02  3.2533103720900e+01  4.1213001392237e+01  3.9732965860237e+01
  1.7848560251320e+04  ms.25r6.b1         3  2.1902376184196e-05  3.1865776758870e+01  1.7683566038889e+02  4.1347564337012e+01  3.9849919589719e+01
  1.7902011735417e+04  ms.26r6.b1         3 -1.2427897957287e-05  1.7556312276024e+02  3.2341320171421e+01  4.1466483534302e+01  3.9982949962209e+01
  1.7955463219513e+04  ms.27r6.b1         3  2.1902376184196e-05  3.1666892723428e+01  1.7635756265339e+02  4.1601964174486e+01  4.0100525996336e+01
  1.8008914703610e+04  ms.28r6.b1         3 -1.2427897957287e-05  1.7630936629111e+02  3.2533238592531e+01  4.1721032369774e+01  4.0233274315640e+01
  1.8062366187706e+04  ms.29r6.b1         3  2.1902376184196e-05  3.1857933779944e+01  1.7683371153311e+02  4.1855587046540e+01  4.0350228539529e+01
  1.8169269155899e+04  ms.31r6.b1         3  2.1902376184196e-05  3.1675223320344e+01  1.7635951405058e+02  4.2110035257800e+01  4.0600835783728e+01
  1.8222720639996e+04  ms.32r6.b1         3 -1.2427897957287e-05  1.7636503352044e+02  3.2533371903891e+01  4.2229060722411e+01  4.0733582772840e+01
  1.8276172124092e+04  ms.33r6.b1         3  2.1902376184196e-05  3.1849136018470e+01  1.7683175848976e+02  4.2363611854627e+01  4.0850537496302e+01
  1.8383075092286e+04  ms.33l7.b1         3  2.1902376184196e-05  3.1684465625893e+01  1.7636146885362e+02  4.2618104101636e+01  4.1101145563989e+01
  1.8489978060479e+04  ms.31l7.b1         3  2.1902376184196e-05  3.1839472849258e+01  1.7682980185825e+02  4.2871638991338e+01  4.1350846452730e+01
  1.8543429544575e+04  ms.30l7.b1         3 -1.2427897957287e-05  1.7540326025479e+02  3.2340921545457e+01  4.2990686323841e+01  4.1483880827367e+01
  1.8596881028672e+04  ms.29l7.b1         3  2.1902376184196e-05  3.1694524306718e+01  1.7636342800322e+02  4.3126170487258e+01  4.1601455344368e+01
  1.8703783996865e+04  ms.27l7.b1         3  2.1902376184196e-05  3.1829043665371e+01  1.7682784094320e+02  4.3379668664295e+01  4.1851155415813e+01
  1.8757235480961e+04  ms.26l7.b1         3 -1.2427897957287e-05  1.7535988391853e+02  3.2340792602363e+01  4.3498758459489e+01  4.1984191117882e+01
  1.8810686965058e+04  ms.25l7.b1         3  2.1902376184196e-05  3.1705298740945e+01  1.7636538920524e+02  4.3634234216936e+01  4.2101765117886e+01
  1.8864138449154e+04  ms.24l7.b1         3 -1.2427897957287e-05  1.7650280935284e+02  3.2533763175364e+01  4.3753132086448e+01  4.2234508129560e+01
  1.8917589933251e+04  ms.23l7.b1         3  2.1902376184196e-05  3.1817952870341e+01  1.7682587805224e+02  4.3887701052204e+01  4.2351464379627e+01
  1.8971041417347e+04  ms.22l7.b1         3 -1.2427897957287e-05  1.7532224867985e+02  3.2340663586719e+01  4.4006832461761e+01  4.2484501410343e+01
  1.9024492901444e+04  ms.21l7.b1         3  2.1902376184196e-05  3.1716676090483e+01  1.7636735529754e+02  4.4142295130912e+01  4.2602074891517e+01
  1.9077944385540e+04  ms.20l7.b1         3 -1.2427897957287e-05  1.7653742777303e+02  3.2533890819000e+01  4.4261152116105e+01  4.2734816581109e+01
  1.9131395869637e+04  ms.19l7.b1         3  2.1902376184196e-05  3.1806316795133e+01  1.7682391007337e+02  4.4395736313871e+01  4.2851773349401e+01
  1.9184847353733e+04  ms.18l7.b1         3 -1.2427897957287e-05  1.7529073532851e+02  3.2340537549240e+01  4.4514908057046e+01  4.2984811703221e+01
  1.9238298837830e+04  ms.17l7.b1         3  2.1902376184196e-05  3.1728542690340e+01  1.7636932354574e+02  4.4650353085835e+01  4.3102384658017e+01
  1.9291750321927e+04  ms.16l7.b1         3 -1.2427897957287e-05  1.7656575370062e+02  3.2534016722408e+01  4.4769170708551e+01  4.3235125029178e+01
  1.9345201806023e+04  ms.15l7.b1         3  2.1902376184196e-05  3.1794251178500e+01  1.7682194033085e+02  4.4903774570620e+01  4.3352082320274e+01
  1.9398653290120e+04  ms.14l7.b1         3 -1.2427897957287e-05  1.7526566957946e+02  3.2340411469040e+01  4.5022984957859e+01  4.3485121998232e+01
  1.9452104774216e+04  ms.13l7.b1         3  2.1902376184196e-05  3.1688456244305e+01  1.7665274645490e+02  4.5158424560906e+01  4.3602691663943e+01
  1.9505556258313e+04  ms.12l7.b1         3 -1.2427897957287e-05  1.7478962129591e+02  3.3870023713384e+01  4.5277815909755e+01  4.3732128328245e+01
  1.9560278742409e+04  ms.11l7.b1         3  2.1902376184196e-05  3.0796881747032e+01  1.7226153293550e+02  4.5427608362615e+01  4.3846306284486e+01
  2.0433103057591e+04  ms.11r7.b1         3 -1.2427897957287e-05  1.7573389000912e+02  3.3763936832121e+01  4.7325732136817e+01  4.5314574364152e+01
  2.0486558541687e+04  ms.12r7.b1         3  2.1902376184196e-05  3.0614973527438e+01  1.7744807106578e+02  4.7464127296796e+01  4.5428779009661e+01
  2.0540010025784e+04  ms.13r7.b1         3 -1.2427897957287e-05  1.7530695916103e+02  3.2355337700662e+01  4.7586052024184e+01  4.5561590943653e+01
  2.0593461509880e+04  ms.14r7.b1         3  2.1902376184196e-05  3.1834656900308e+01  1.7688221710736e+02  4.7721186185638e+01  4.5678920651089e+01
  2.0646912993977e+04  ms.15r7.b1         3 -1.2427897957287e-05  1.7651950697522e+02  3.2519035183624e+01  4.7839777599224e+01  4.5811446989033e+01
  2.0700364478073e+04  ms.16r7.b1         3  2.1902376184196e-05  3.1689100364411e+01  1.7630910815735e+02  4.7974703160921e+01  4.5928646652102e+01
  2.0753815962170e+04  ms.17r7.b1         3 -1.2427897957287e-05  1.7534182140129e+02  3.2355574034480e+01  4.8094126796697e+01  4.6061901095425e+01
  2.0807267446266e+04  ms.18r7.b1         3  2.1902376184196e-05  3.1844693373776e+01  1.7688406539696e+02  4.8229214492049e+01  4.6179229520100e+01
  2.0860718930363e+04  ms.19r7.b1         3 -1.2427897957287e-05  1.7648163458001e+02  3.2518798132086e+01  4.8347798517229e+01  4.6311755581635e+01
  2.0914170414459e+04  ms.20r7.b1         3  2.1902376184196e-05  3.1679462452681e+01  1.7630726118281e+02  4.8482770873426e+01  4.6428956526246e+01
  2.0967621898556e+04  ms.21r7.b1         3 -1.2427897957287e-05  1.7538260592504e+02  3.2355812776092e+01  4.8602199822176e+01  4.6562211243024e+01
  2.1021073382653e+04  ms.22r7.b1         3  2.1902376184196e-05  3.1853910032617e+01  1.7688590906128e+02  4.8737240365930e+01  4.6679538381489e+01
  2.1074524866749e+04  ms.23r7.b1         3 -1.2427897957287e-05  1.7643804076047e+02  3.2518558820500e+01  4.8855821283365e+01  4.6812064174998e+01
  2.1127976350846e+04  ms.24r7.b1         3  2.1902376184196e-05  3.1670690793108e+01  1.7630542062569e+02  4.8990840932496e+01  4.6929266403568e+01
  2.1181427834942e+04  ms.25r7.b1         3 -1.2427897957287e-05  1.7542889890015e+02  3.2356051626954e+01  4.9110270846265e+01  4.7062521390306e+01
  2.1234879319039e+04  ms.26r7.b1         3  2.1902376184196e-05  3.1862212315418e+01  1.7688774851519e+02  4.9245264035049e+01  4.7179847244065e+01
  2.1288330803135e+04  ms.27r7.b1         3 -1.2427897957287e-05  1.7638916831300e+02  3.2518319364563e+01  4.9363846158599e+01  4.7312372772033e+01
  2.1341782287232e+04  ms.28r7.b1         3  2.1902376184196e-05  3.1662879018978e+01  1.7630358239534e+02  4.9498913106162e+01  4.7429576283963e+01
  2.1448685255425e+04  ms.30r7.b1         3  2.1902376184196e-05  3.1869515088497e+01  1.7688958399608e+02  4.9753285735314e+01  4.7680156098834e+01
  2.1502136739521e+04  ms.31r7.b1         3 -1.2427897957287e-05  1.7633551951272e+02  3.2518077544528e+01  4.9871873366215e+01  4.7812681369602e+01
  2.1555588223618e+04  ms.32r7.b1         3  2.1902376184196e-05  3.1656103413385e+01  1.7630175015635e+02  5.0006987142630e+01  4.7929886167718e+01
  2.1662491191811e+04  ms.34l8.b1         3  2.1902376184196e-05  3.1875745188093e+01  1.7689141403004e+02  5.0261305732412e+01  4.8180464955174e+01
  2.1769394160004e+04  ms.32l8.b1         3  2.1902376184196e-05  3.1650435266603e+01  1.7629992182615e+02  5.0515062766205e+01  4.8430196054342e+01
  2.1822845644100e+04  ms.31l8.b1         3 -1.2427897957287e-05  1.7559583525588e+02  3.2356777657343e+01  5.0634469581984e+01  4.8563451813728e+01
  2.1876297128197e+04  ms.30l8.b1         3  2.1902376184196e-05  3.1880837857078e+01  1.7689323966199e+02  5.0769324302625e+01  4.8680773803516e+01
  2.1983200096390e+04  ms.28l8.b1         3  2.1902376184196e-05  3.1645931530491e+01  1.7629809842387e+02  5.1023139687548e+01  4.8930505945229e+01
  2.2036651580487e+04  ms.27l8.b1         3 -1.2427897957287e-05  1.7565893912315e+02  3.2357021514872e+01  5.1142530409696e+01  4.9063761952381e+01
  2.2090103064583e+04  ms.26l8.b1         3  2.1902376184196e-05  3.1884740307596e+01  1.7689506168862e+02  5.1277341742057e+01  4.9181082653532e+01
  2.2143554548680e+04  ms.25l8.b1         3 -1.2427897957287e-05  1.7615159414711e+02  3.2517347145862e+01  5.1395970931427e+01  4.9313607180291e+01
  2.2197006032776e+04  ms.24l8.b1         3  2.1902376184196e-05  3.1642640079764e+01  1.7629627806499e+02  5.1531217605028e+01  4.9430815838038e+01
  2.2250457516873e+04  ms.23l8.b1         3 -1.2427897957287e-05  1.7572472527232e+02  3.2357267407347e+01  5.1650588275693e+01  4.9564072085895e+01
  2.2303909000969e+04  ms.22l8.b1         3  2.1902376184196e-05  3.1887413707624e+01  1.7689687897253e+02  5.1785358351607e+01  4.9681391495836e+01
  2.2357360485066e+04  ms.21l8.b1         3 -1.2427897957287e-05  1.7608471719892e+02  3.2517100370537e+01  5.1904009276364e+01  4.9813915787784e+01
  2.2410811969162e+04  ms.20l8.b1         3  2.1902376184196e-05  3.1640591160549e+01  1.7629446425551e+02  5.2039296206021e+01  4.9931125735301e+01
  2.2464263453259e+04  ms.19l8.b1         3 -1.2427897957287e-05  1.7579252371507e+02  3.2357513752872e+01  5.2158643082351e+01  5.0064382219363e+01
  2.2517714937355e+04  ms.18l8.b1         3  2.1902376184196e-05  3.1888831001312e+01  1.7689869125365e+02  5.2293374450149e+01  5.0181700339157e+01
  2.2571166421452e+04  ms.17l8.b1         3 -1.2427897957287e-05  1.7601617149357e+02  3.2516853752836e+01  5.2412050718859e+01  5.0314224398361e+01
  2.2624617905548e+04  ms.16l8.b1         3  2.1902376184196e-05  3.1639809616063e+01  1.7629265301271e+02  5.2547375167233e+01  5.0431435634278e+01
  2.2678069389645e+04  ms.15l8.b1         3 -1.2427897957287e-05  1.7586163978610e+02  3.2357761990461e+01  5.2666694744638e+01  5.0564692348111e+01
  2.2731520873741e+04  ms.14l8.b1         3  2.1902376184196e-05  3.1888976680226e+01  1.7690049953033e+02  5.2801390348519e+01  5.0682009175206e+01
  2.2784972357838e+04  ms.13l8.b1         3 -1.2427897957287e-05  1.7665834943715e+02  3.2380754797580e+01  5.2920088315084e+01  5.0814574070885e+01
  2.2838423841935e+04  ms.12l8.b1         3  2.1902376184196e-05  3.4660512286924e+01  1.7345394074663e+02  5.3047191724087e+01  5.0933331787387e+01
  2.2893146326031e+04  ms.11l8.b1         3 -1.2427897957287e-05  1.6687271858183e+02  3.4909611787230e+01  5.3161525600973e+01  5.1071803873531e+01
  2.3765100726031e+04  ms.11r8.b1         3  1.8265500000000e-05  6.1333315522539e+01  6.7279672291275e+01  5.5616135768302e+01  5.3384370676803e+01
  2.3818553241935e+04  ms.12r8.b1         3 -1.1070000000000e-05  6.3407804386697e+01  7.1605919653285e+01  5.5768869752253e+01  5.3533204510915e+01
  2.3872001757838e+04  ms.13r8.b1         3  7.7388391807421e-05  4.9906864303645e+01  5.0856181684689e+02  5.6004241139874e+01  5.3576183447454e+01
  2.3925450273741e+04  ms.14r8.b1         3 -4.8253442429570e-05  5.1010063437262e+02  3.9797763014326e+01  5.6055869649173e+01  5.3640661333957e+01
  2.3978898789645e+04  ms.15r8.b1         3  1.8265500000000e-05  5.6524341889883e+01  6.5949339134602e+01  5.6109428226775e+01  5.3871421612416e+01
  2.4032347305548e+04  ms.16r8.b1         3 -1.1070000000000e-05  6.3676099864013e+01  6.6746954685639e+01  5.6270426465344e+01  5.4031661168228e+01
  2.4085795821452e+04  ms.17r8.b1         3  7.7388391807421e-05  4.9886558568594e+01  5.0857916072907e+02  5.6504216797417e+01  5.4076170552850e+01
  2.4139244337355e+04  ms.18r8.b1         3 -4.8253442429570e-05  5.1004358780964e+02  3.9810459163094e+01  5.6555857346250e+01  5.4140634039488e+01
  2.4192692853259e+04  ms.19r8.b1         3  1.8265500000000e-05  5.6572557272279e+01  6.5930059064169e+01  5.6609395323081e+01  5.4371377325692e+01
  2.4246141369162e+04  ms.20r8.b1         3 -1.1070000000000e-05  6.3723184829524e+01  6.6749390106227e+01  5.6770192952825e+01  5.4531650577490e+01
  2.4299589885066e+04  ms.21r8.b1         3  7.7388391807421e-05  4.9841792204809e+01  5.0869659482794e+02  5.7004171822261e+01  5.4576155728952e+01
  2.4353038400969e+04  ms.22r8.b1         3 -4.8253442429570e-05  5.0998330453549e+02  3.9819653530650e+01  5.7055841441140e+01  5.4640605841816e+01
  2.4406486916873e+04  ms.23r8.b1         3  1.8265500000000e-05  5.6579571729769e+01  6.5916598992767e+01  5.7109379239673e+01  5.4871331220938e+01
  2.4459935432776e+04  ms.24r8.b1         3 -1.1070000000000e-05  6.3740425481655e+01  6.6744111248693e+01  5.7270125361711e+01  5.5031638641062e+01
  2.4513383948680e+04  ms.25r8.b1         3  7.7388391807421e-05  4.9821485136208e+01  5.0871458181151e+02  5.7504147470850e+01  5.5076142913739e+01
  2.4566832464583e+04  ms.26r8.b1         3 -4.8253442429570e-05  5.0992604620338e+02  3.9832314572039e+01  5.7555829144317e+01  5.5140578598889e+01
  2.4620280980487e+04  ms.27r8.b1         3  1.8265500000000e-05  5.6627772613234e+01  6.5897393109562e+01  5.7609346395060e+01  5.5371287109352e+01
  2.4673729496390e+04  ms.28r8.b1         3 -1.1070000000000e-05  6.3787848381530e+01  6.6746585402403e+01  5.7769892176755e+01  5.5531628063167e+01
  2.4727178012294e+04  ms.29r8.b1         3  7.7388391807421e-05  4.9776751875270e+01  5.0883198194192e+02  5.8004102443247e+01  5.5576128094735e+01
  2.4834075044100e+04  ms.31r8.b1         3  1.8265500000000e-05  5.6634724205407e+01  6.5883981274608e+01  5.8109330366788e+01  5.5871240647434e+01
  2.4887523560004e+04  ms.32r8.b1         3 -1.1070000000000e-05  6.3805492348970e+01  6.6741831562897e+01  5.8269825075685e+01  5.6031615592177e+01
  2.4940972075907e+04  ms.33r8.b1         3  7.7388391807421e-05  4.9752577713811e+01  5.0881086562020e+02  5.8504076879359e+01  5.6076114604886e+01
  2.5047869107714e+04  ms.33l1.b1         3  1.8265500000000e-05  5.6664679567744e+01  6.5859635033269e+01  5.8609302183073e+01  5.6371114512282e+01
  2.5154766139521e+04  ms.31l1.b1         3  7.7388391807421e-05  4.9738618665388e+01  5.0888790790880e+02  5.9004054125455e+01  5.6576096936142e+01
  2.5208214655425e+04  ms.30l1.b1         3 -4.8253442429570e-05  5.0982923377740e+02  3.9877822595348e+01  5.9055787190398e+01  5.6640484228255e+01
  2.5261663171328e+04  ms.29l1.b1         3  1.8265500000000e-05  5.6675462216393e+01  6.5836993660262e+01  5.9109286292392e+01  5.6871045971418e+01
  2.5368560203135e+04  ms.27l1.b1         3  7.7388391807421e-05  4.9716248341760e+01  5.0890824280375e+02  5.9504028423654e+01  5.7076083934695e+01
  2.5422008719039e+04  ms.26l1.b1         3 -4.8253442429570e-05  5.0977176187358e+02  3.9890404655373e+01  5.9555774893974e+01  5.7140456978613e+01
  2.5475457234942e+04  ms.25l1.b1         3  1.8265500000000e-05  5.6723625071581e+01  6.5817962855702e+01  5.9609253538987e+01  5.7371002166736e+01
  2.5528905750846e+04  ms.24l1.b1         3 -1.1070000000000e-05  6.3891967239939e+01  6.6709661653465e+01  5.9769380787603e+01  5.7531565136112e+01
  2.5582354266749e+04  ms.23l1.b1         3  7.7388391807421e-05  4.9671565226746e+01  5.0902550268122e+02  6.0003983311816e+01  5.7576069123770e+01
  2.5635802782653e+04  ms.22l1.b1         3 -4.8253442429570e-05  5.0971121249908e+02  3.9899686018010e+01  6.0055758964719e+01  5.7640428767032e+01
  2.5689251298556e+04  ms.21l1.b1         3  1.8265500000000e-05  5.6730687703420e+01  6.5804468074477e+01  6.0109237427530e+01  5.7870955548282e+01
  2.5742699814459e+04  ms.20l1.b1         3 -1.1070000000000e-05  6.3909504100125e+01  6.6704262324672e+01  6.0269313081858e+01  5.8031553161325e+01
  2.5796148330363e+04  ms.19l1.b1         3  7.7388391807421e-05  4.9651226596156e+01  5.0904328788713e+02  6.0503958860606e+01  5.8076056316566e+01
  2.5849596846266e+04  ms.18l1.b1         3 -4.8253442429570e-05  5.0965331648924e+02  3.9912251338648e+01  6.0555746689259e+01  5.8140401678508e+01
  2.5903045362170e+04  ms.17l1.b1         3  1.8265500000000e-05  5.6778844419025e+01  6.5785495529888e+01  6.0609204755841e+01  5.8370911893846e+01
  2.5956493878073e+04  ms.16l1.b1         3 -1.1070000000000e-05  6.3957835100679e+01  6.6706832766270e+01  6.0769080785263e+01  5.8531542612946e+01
  2.6009942393977e+04  ms.15l1.b1         3  7.7388391807421e-05  4.9606576653365e+01  5.0916051316372e+02  6.1003913696012e+01  5.8576041510513e+01
  2.6063390909880e+04  ms.14l1.b1         3 -4.8253442429570e-05  5.0959264643402e+02  3.9921567564116e+01  6.1055730751232e+01  5.8640373454886e+01
  2.6116839425784e+04  ms.13l1.b1         3  1.8265500000000e-05  5.6094910357026e+01  6.6473516633114e+01  6.1109251812723e+01  5.8870815091944e+01
  2.6170287941687e+04  ms.12l1.b1         3 -1.1070000000000e-05  5.9457635949591e+01  7.1994411873639e+01  6.1281061139969e+01  5.9020957139935e+01
  2.6225007457591e+04  ms.11l1.b1         3  7.7388391807421e-05  6.0437125759489e+01  5.0239823670437e+02  6.1508559093986e+01  5.9063444788610e+01
  2.6277750168193e+04  ms.10l1.b1         3 -4.8253442429570e-05  4.7651479184058e+02  6.0255797875356e+01  6.1554411399235e+01  5.9116949972484e+01
  2.6658883200000e+04  end_marker       100  0.0000000000000e+00  1.5065386535266e-01  1.5020806297310e-01  6.2310138973204e+01  6.0320008224206e+01
